              precision    recall  f1-score   support

           0       0.00      0.00      0.00        36
           1       0.19      0.18      0.19       200
           2       0.20      0.20      0.20       200
           3       0.21      0.22      0.22       200
           4       0.10      0.10      0.10        50
           5       0.22      0.23      0.22       200

    accuracy                           0.19       886
   macro avg       0.15      0.15      0.15       886
weighted avg       0.19      0.19      0.19       886
